4.642125736263661984e-01
4.638897355102967746e-01
4.635668973942274063e-01
4.632440592781579825e-01
4.629212211620886142e-01
4.625983830460191903e-01
4.622755449299498220e-01
4.619527068138803982e-01
4.616298686978110299e-01
4.613070305817416061e-01
4.609841924656722378e-01
4.606613543496028140e-01
4.603385162335334457e-01
4.600156781174640219e-01
4.596928400013946536e-01
4.593700018853252298e-01
4.590471637692558615e-01
4.587243256531864377e-01
4.584014875371170694e-01
4.580786494210476456e-01
4.577558113049782773e-01
4.574329731889088535e-01
4.571101350728394852e-01
4.567872969567700614e-01
4.564644588407006376e-01
4.561416207246312693e-01
4.643140914068003555e-01
4.618445589478729629e-01
4.601535616699581888e-01
4.592179138679798323e-01
4.578787895023528343e-01
4.565739487112099870e-01
4.560374201743715439e-01
4.556473059771374845e-01
4.550348077913874412e-01
4.544924046182611255e-01
4.531443785480450126e-01
4.503041642507229492e-01
4.472928956779667620e-01
4.460279655208487237e-01
4.469062004777956676e-01
4.482184401843432031e-01
4.489325563377712935e-01
4.495441024994736856e-01
4.498401930752572442e-01
4.491938331483763536e-01
4.480374456935047878e-01
4.468782084190301984e-01
4.458254815966063989e-01
4.453654143803860710e-01
4.455931859371978776e-01
4.459135293365094066e-01
4.457385679217543140e-01
4.447891132259918501e-01
4.431935428278837019e-01
4.418105521178476436e-01
4.414106875469357427e-01
4.415936902497996086e-01
4.412849452569844177e-01
4.404724008008971681e-01
4.403287262155677895e-01
4.415403910360227169e-01
4.431899214564287703e-01
4.438047068420032937e-01
4.434869634086527901e-01
4.433949069499336648e-01
4.440433825515027189e-01
4.446107884934990540e-01
4.443122918216693695e-01
4.439814185605495678e-01
4.447136204586942254e-01
4.460388667059432821e-01
4.461595943736325065e-01
4.444110061224889052e-01
4.427509845322159521e-01
4.426591986107015209e-01
4.432164928937566972e-01
4.433437950046753562e-01
4.435665069756903334e-01
4.447491546998384448e-01
4.462729989333396041e-01
4.485890244174882135e-01
4.528964836911845704e-01
4.570526282069082291e-01
4.590300577369016977e-01
4.601949124590370976e-01
4.614344579142337088e-01
4.608543519907376540e-01
4.586146832619439340e-01
4.575459168169013768e-01
4.583045343071143196e-01
4.597775503529477614e-01
4.614897127355682138e-01
4.639298030741635936e-01
4.667011787340339390e-01
4.685971801629781885e-01
4.696880526703559044e-01
4.704267350606447518e-01
4.701205369171832515e-01
4.694261434528844701e-01
4.702081792508558955e-01
4.720389449142645688e-01
4.738860459573497885e-01
4.764099780506331760e-01
4.797751408674472695e-01
4.825443585370060573e-01
4.838557503483910671e-01
4.842710930463781649e-01
4.843700844974781483e-01
4.841656208515402460e-01
4.837769407101037977e-01
4.833249923977847029e-01
4.828266513474858690e-01
4.822210478110122156e-01
4.820583929944318169e-01
4.830744687708984908e-01
4.844346306899853238e-01
4.854730380705467585e-01
4.865224562455189306e-01
4.875006297406805911e-01
4.879999971960403138e-01
4.875927475116711984e-01
4.865655344034287566e-01
4.855120831660196257e-01
4.857317441124753832e-01
4.882960907890619429e-01
4.912207143072661042e-01
4.924669213198703543e-01
4.933131341050862595e-01
4.951427768145699182e-01
4.969158189995945829e-01
4.974035776529595609e-01
4.972488126620656645e-01
4.967526841611941690e-01
4.943907145273103154e-01
4.909023406294799052e-01
4.882295681117896358e-01
4.858687029624633724e-01
4.830501173420446714e-01
4.812594574664981195e-01
4.811854100342398688e-01
4.799224849234678958e-01
4.765161311569503511e-01
4.732390454232632271e-01
4.709513035346246657e-01
4.690602425982620116e-01
4.678399546455579983e-01
4.684267931489134451e-01
4.709142620629607756e-01
4.744156415630060852e-01
4.790628274089104299e-01
4.841774719031448071e-01
4.871694505587982338e-01
4.880690682960542870e-01
4.890055547366594091e-01
4.901134316143227476e-01
4.905523914912694461e-01
4.908084700328282368e-01
4.916299717055375718e-01
4.924213256210834277e-01
4.927728261894666617e-01
4.930437301570654851e-01
4.930216131286257464e-01
4.924036762918961863e-01
4.915908782604062055e-01
4.914690935442452280e-01
4.917769481399665299e-01
4.913943695256355326e-01
4.907530678637145316e-01
4.902148021400143940e-01
4.890259153327634611e-01
4.875483406620946814e-01
4.871333680427857860e-01
4.879998725956375405e-01
4.890373145918327502e-01
4.904021345501800022e-01
4.920257232461834329e-01
4.924524915920644452e-01
4.921008841239625786e-01
4.929764977041217189e-01
4.948510425783314015e-01
4.959440503383236720e-01
4.958117465277573910e-01
4.949361772223964118e-01
4.936395834910713987e-01
4.921658951170962970e-01
4.917867884064760498e-01
4.927515755571553746e-01
4.934009675796026673e-01
4.938840959957755961e-01
4.957075390213803723e-01
4.979493002424204562e-01
4.987439951950842776e-01
4.995447549359541273e-01
5.013129943833191104e-01
5.024824921011969980e-01
5.032139877214469870e-01
5.047715877723474298e-01
5.064635062428716195e-01
5.070137209703768910e-01
5.067519666878342877e-01
5.056748879426246068e-01
5.022599132317695503e-01
4.967393352537234352e-01
4.916416644772940714e-01
4.874385869743249056e-01
4.831230708587455069e-01
4.787765944199637858e-01
4.751377810914428346e-01
4.720374310139066054e-01
4.689778369235590993e-01
4.666601232248332454e-01
4.654249592945622904e-01
4.645600424749032897e-01
4.638304785839621469e-01
4.633964045546192234e-01
4.627564127209178868e-01
4.612197889988071675e-01
4.590625076015015793e-01
4.568338357432121244e-01
4.544215445212325677e-01
4.525235480574937297e-01
4.516883411062543319e-01
4.512483074949850681e-01
4.507711686803090312e-01
4.507796166906677948e-01
4.517578643794173954e-01
4.523314539027436521e-01
4.515127613350764513e-01
4.502357373824735221e-01
4.490560336725184509e-01
4.470527086926732174e-01
4.443133441221062130e-01
4.429407190511021053e-01
4.436478726989824262e-01
4.451147562288335635e-01
4.458711297237536453e-01
4.460463613791791904e-01
4.464079277986118255e-01
4.469162967289899147e-01
4.479881117850758598e-01
4.492292165023358264e-01
4.490012292935785521e-01
4.476697428500187592e-01
4.469096778291145600e-01
4.460215945854195674e-01
4.447968299952570481e-01
4.442857862520064871e-01
4.434844578230774381e-01
4.403812324779826093e-01
4.351900105969681576e-01
4.297981904613917270e-01
4.243792140917407307e-01
4.187608982341717301e-01
4.153314601776861292e-01
4.146537990529979845e-01
4.148516123945685252e-01
4.152400841856458413e-01
4.155760743791441780e-01
4.158397963406382791e-01
4.159416847676917772e-01
4.157843205435741152e-01
4.155651617121143837e-01
4.151434785383253390e-01
4.144837690175867673e-01
4.140047200465270527e-01
4.138099102441992194e-01
4.138136817743349738e-01
4.141617292110330029e-01
4.147126499939786104e-01
4.149872089515411200e-01
4.149789847541067722e-01
4.152324602680212418e-01
4.154502236954261130e-01
4.152279776492552310e-01
4.148095903217731695e-01
4.144227712440186617e-01
4.141693959916026846e-01
4.134220922317492497e-01
4.121222800880170456e-01
4.119957114602129100e-01
4.139265812445166448e-01
4.163065375429325643e-01
4.175929393192038264e-01
4.181535547261384655e-01
4.181782013219646488e-01
4.170641222011441940e-01
4.156801020573719363e-01
4.154355410602660892e-01
4.153057458917601141e-01
4.139643266576923386e-01
4.116267312865694583e-01
4.087610715857146748e-01
4.062185373064300942e-01
4.051403956920587301e-01
4.052264947810341189e-01
4.049590025551032535e-01
4.045848806017200427e-01
4.039300548798569479e-01
4.008998870864358688e-01
3.964792582393758535e-01
3.949285083420673859e-01
3.973577732334187540e-01
3.998103992442094690e-01
3.995493887322375537e-01
3.990632900229989510e-01
4.002237851200754482e-01
4.018398532565092829e-01
4.019876014389983654e-01
4.007006390457230616e-01
3.998040127271181299e-01
3.996215111642699713e-01
3.990902736522195515e-01
3.983753468596641367e-01
3.984460510578545778e-01
3.992628960360778412e-01
4.001366137814561519e-01
4.004547442211116581e-01
4.002389726612773369e-01
3.997597750841782593e-01
3.995057957228524970e-01
4.000840216684673489e-01
4.015078889509908211e-01
4.036070051272787063e-01
4.055350938110423575e-01
4.062912967876793902e-01
4.068168512761074496e-01
4.088884439336818444e-01
4.120756030795565961e-01
4.137000197713672223e-01
4.131386342066766248e-01
4.132153680903399295e-01
4.145957959704423268e-01
4.151912935332646160e-01
4.146519509964163297e-01
4.146302890360344384e-01
4.157613697747760684e-01
4.172289899281078629e-01
4.184283035644814630e-01
4.183992666100203595e-01
4.174322747067577555e-01
4.179843814255888024e-01
4.204470783946543389e-01
4.227144687739320394e-01
4.240513543901304194e-01
4.247334915885965234e-01
4.248166810405058502e-01
4.247691927993008654e-01
4.250040196939431358e-01
4.249574384562976870e-01
4.248979633213716967e-01
4.272706527047405722e-01
4.311544613316565244e-01
4.328408383387372660e-01
4.325260979435466835e-01
4.329447133613479881e-01
4.345172956701682798e-01
4.352483913040600672e-01
4.335733111637133375e-01
4.309350182186450495e-01
4.304949850212193563e-01
4.318915968266672234e-01
4.328783675968236322e-01
4.331594005182454743e-01
4.340040559247914098e-01
4.358120117533143545e-01
4.379575491095766826e-01
4.405624279460879644e-01
4.434930207092653842e-01
4.455738726710795627e-01
4.463213615500543630e-01
4.469637643556593765e-01
4.484461839466173383e-01
4.499370937553184846e-01
4.506253552693423869e-01
4.509510385541494193e-01
4.526027579837513248e-01
4.560098389040618816e-01
4.583629461122835091e-01
4.571708933797664631e-01
4.536673757714576594e-01
4.516240221637596308e-01
4.519789653427364051e-01
4.514774315732408283e-01
4.490673376577957177e-01
4.471387412921286608e-01
4.471184565461970850e-01
4.479951056929876163e-01
4.483982134641517625e-01
4.489781766085784165e-01
4.516199291724667386e-01
4.562258865740471681e-01
4.599552742765711799e-01
4.613034318976753645e-01
4.615746743407487251e-01
4.613450349271749906e-01
4.605941831304836143e-01
4.606269057256749955e-01
4.616005063274082887e-01
4.620828302268331078e-01
4.616599387283495393e-01
4.613916139765169011e-01
4.620127874468000218e-01
4.621914586088671228e-01
4.613161787144106074e-01
4.603079076417212478e-01
4.587409486501743960e-01
4.574889255308862146e-01
4.591951591332371074e-01
4.628401717266317772e-01
4.665137258405492315e-01
4.701617008137273790e-01
4.734400986650518228e-01
4.763466171946983962e-01
4.789492836930712150e-01
4.809833643782169821e-01
4.820248112473632385e-01
4.820887771717000669e-01
4.817997158727108098e-01
4.813138506044238873e-01
4.800021674269364658e-01
4.783496713075144346e-01
4.778406900546719460e-01
4.785307176537462182e-01
4.791138262217188859e-01
4.790948348050289574e-01
4.786217637742738451e-01
4.771154524494451432e-01
4.738796835312721334e-01
4.704315649949128986e-01
4.690336567304441706e-01
4.692279106189010118e-01
4.694579612576290084e-01
4.695480663639952645e-01
4.710338509708612009e-01
4.740710183245587794e-01
4.767288017708483094e-01
4.785404473971998085e-01
4.801005385374403911e-01
4.814959049613422026e-01
4.821053228839613514e-01
4.814864321649348078e-01
4.793488831934555883e-01
4.765761767997928056e-01
4.758019123356660440e-01
4.772357497041077035e-01
4.785783126217058037e-01
4.800468455311634464e-01
4.826484059163921314e-01
4.847417727224155315e-01
4.854415301876377487e-01
4.855375719818657010e-01
4.854909134510895230e-01
4.849501375536978687e-01
4.833556871261600052e-01
4.818008146485100451e-01
4.814077858991729353e-01
4.812899154439559957e-01
4.811256584006940451e-01
4.806201572514765541e-01
4.784699563073901429e-01
4.752488335544178821e-01
4.722410588746192572e-01
4.704048299346195172e-01
4.699446186721017438e-01
4.698034502085064457e-01
4.701787077770749335e-01
4.719170284052467967e-01
4.738517718349178343e-01
4.746022348154324555e-01
4.743433114215002133e-01
4.733945971621775217e-01
4.728679582096982914e-01
4.734264433681029116e-01
4.738463046098286280e-01
4.729324812674245981e-01
4.710353628311799712e-01
4.695291570131056025e-01
4.692204892580169595e-01
4.700110904157497882e-01
4.715099609438847539e-01
4.724960573516371332e-01
4.715454322719157543e-01
4.698735767126181462e-01
4.694992512622888636e-01
4.695482452525459593e-01
4.677753067240327245e-01
4.652379010391853309e-01
4.648307665263636812e-01
4.659515771259756245e-01
4.662395081178701828e-01
4.652632074136712759e-01
4.646960204829745367e-01
4.647218075466108544e-01
4.643444868143886683e-01
4.632028147120623718e-01
4.611956696682514845e-01
4.589955115227056792e-01
4.573621388780836905e-01
4.565874846354467387e-01
4.560169982493932905e-01
4.556961212158425756e-01
4.560701541036247808e-01
4.563320167878898714e-01
4.555092671046762076e-01
4.546979672313670173e-01
4.557444254878862400e-01
4.570379957819291072e-01
4.565776881683346056e-01
4.562904352997746438e-01
4.577363794427277144e-01
4.590480807712159494e-01
4.585794497277067006e-01
4.581722595067188597e-01
4.597016323996743759e-01
4.613988005893858713e-01
4.609949955777781772e-01
4.596268694059941762e-01
4.585328278577966432e-01
4.568736357101348400e-01
4.556910939804353911e-01
4.557804877686708056e-01
4.560344374829085612e-01
4.560726587430851686e-01
4.558276863503499254e-01
4.552912407167358788e-01
4.548462040036130305e-01
4.549005071181241866e-01
4.553748266647116849e-01
4.553870026467046750e-01
4.547314473906354793e-01
4.543526599168406510e-01
4.542587842420295341e-01
4.536553003752112345e-01
4.534576206118384190e-01
4.547930965893132726e-01
4.569169578816411059e-01
4.588538305108882942e-01
4.606483693888973607e-01
4.618632198915174625e-01
4.615637217869267839e-01
4.594882789065798390e-01
4.570929735638029068e-01
4.564307441432162715e-01
4.567071681507581249e-01
4.563845776842223589e-01
4.556678893974397404e-01
4.557450654210226104e-01
4.567057363065130104e-01
4.577058684889950269e-01
4.582870395975139899e-01
4.581623290133427506e-01
4.578017524132722005e-01
4.573094777853025650e-01
4.564414741664091779e-01
4.561996701558728717e-01
4.581913844828499061e-01
4.619500185737882014e-01
4.653168916646081565e-01
4.684735964365051575e-01
4.727854319566532904e-01
4.766791822780462873e-01
4.785686333378242896e-01
4.803007717307888336e-01
4.839177824659347538e-01
4.879113161162504930e-01
4.896786083028599190e-01
4.891891846980753189e-01
4.890326454418935653e-01
4.900121591258373988e-01
4.905663800170455002e-01
4.901954236988951830e-01
4.892024962080434025e-01
4.885427097587792811e-01
4.882351797700481000e-01
4.872873267237567974e-01
4.858026063904923308e-01
4.849597379142613351e-01
4.851917002494953168e-01
4.857082174903119554e-01
4.858685348667821646e-01
4.859117426315054944e-01
4.862187173675306950e-01
4.868576895247230252e-01
4.877774874462594279e-01
4.889708444520584618e-01
4.899290810150100373e-01
4.894211742168946833e-01
4.870411985144057487e-01
4.837640943630523993e-01
4.811005837592585155e-01
4.803771712113835690e-01
4.802930630178627869e-01
4.793926451756633234e-01
4.782436004054024803e-01
4.764671561175033432e-01
4.744094512848378020e-01
4.735848163361904839e-01
4.739180664188106795e-01
4.743451617837555201e-01
4.743136286260883350e-01
4.737342430740366095e-01
4.728930332914286216e-01
4.717249426733071682e-01
4.698489026602967189e-01
4.675531978935597022e-01
4.654804733660180549e-01
4.640661252521783298e-01
4.624644338417538414e-01
4.599136918358022186e-01
4.571418577855137499e-01
4.547670484978112437e-01
4.531098268462016576e-01
4.521076657710879632e-01
4.508427403986727255e-01
4.480998817219242203e-01
4.440764151800813408e-01
4.400602054243286654e-01
4.366969528049637894e-01
4.335948749347670050e-01
4.295596789207294375e-01
4.249381573196268080e-01
4.211316617529004547e-01
4.188112113373286816e-01
4.177694104513039464e-01
4.175594586322238233e-01
4.190474586609361229e-01
4.222689641820645545e-01
4.253723346113382764e-01
4.267508015786368181e-01
4.263444793587681247e-01
4.253913918540086492e-01
4.249122639337002960e-01
4.250738784584178753e-01
4.254521660245629833e-01
4.251731357063083805e-01
4.238528598156703908e-01
4.221759212245393966e-01
4.213238313444114813e-01
4.215518544158730618e-01
4.222567164205314749e-01
4.232569024075857889e-01
4.237970138260429009e-01
4.229172617831329362e-01
4.219309731961873866e-01
4.225170690947823715e-01
4.234970036475774191e-01
4.238449200277195628e-01
4.241149538725197954e-01
4.246714076549433226e-01
4.253927165652509612e-01
4.260068427356213383e-01
4.266086315544335705e-01
4.270171393239812763e-01
4.275021106680325089e-01
4.288499606212776150e-01
4.304708731148296219e-01
4.317185428781731837e-01
4.324074504722942303e-01
4.326232847258861813e-01
4.338943397928496926e-01
4.359443169323309886e-01
4.362480380999859131e-01
4.343706664504816684e-01
4.314646870950314406e-01
4.289324548405988313e-01
4.278699506196150804e-01
4.285334866972427825e-01
4.302754321885056688e-01
4.319325697786084994e-01
4.334724522341923403e-01
4.348933358436020136e-01
4.363679001698686499e-01
4.381867827021505013e-01
4.408531196550900533e-01
4.449592318322054818e-01
4.488225412007020299e-01
4.505040650388870138e-01
4.496302411242334429e-01
4.473226081158420131e-01
4.455401673697432785e-01
4.451394986052033542e-01
4.457786559767210610e-01
4.463740153319153414e-01
4.464976372994760023e-01
4.467859743647996096e-01
4.472905416235053999e-01
4.472706809091881452e-01
4.466312453100123592e-01
4.461545449080853154e-01
4.459399682983768431e-01
4.458090620115433556e-01
4.459441908514683028e-01
4.462655675154455492e-01
4.472212665533364939e-01
4.490697367787416239e-01
4.511549299451911299e-01
4.530038266380322920e-01
4.548360369141286608e-01
4.568435635201460454e-01
4.587509295134062359e-01
4.601868073196507258e-01
4.612744035940448128e-01
4.622344766193348109e-01
4.626930390178532471e-01
4.623389690670882679e-01
4.611063281229346722e-01
4.595555746142345743e-01
4.593538392213960542e-01
4.608091718476969301e-01
4.632275567775668845e-01
4.655650259345106567e-01
4.662677262946708368e-01
4.658585175493368813e-01
4.666434528921814540e-01
4.689882564543395027e-01
4.719159373179867556e-01
4.748048081248341101e-01
4.772558039401450514e-01
4.788917654958743664e-01
4.785821042979934714e-01
4.769264829780759385e-01
4.760768216197960867e-01
4.774496519971975772e-01
4.798243438309550135e-01
4.815218115388694708e-01
4.822173557677448263e-01
4.810752722371627876e-01
4.787500111897357580e-01
4.767492894816349192e-01
4.754421253266759018e-01
4.750607679573077280e-01
4.752228328710225158e-01
4.751520783034353657e-01
4.746817560803006653e-01
4.744920553557599452e-01
4.747559615513179954e-01
4.747368700576760636e-01
4.742119831270682484e-01
4.737733839481518272e-01
4.739376110593070957e-01
4.743351480201827286e-01
4.746545700289486192e-01
4.753014406934923386e-01
4.766634777904203424e-01
4.782519883387512105e-01
4.794053652262646459e-01
4.804499966146457135e-01
4.816713574858694780e-01
4.825178544919709878e-01
4.828234712624208669e-01
4.833804874368147764e-01
4.847918281573048715e-01
4.865402831613059309e-01
4.878142090978875856e-01
4.885594652029538465e-01
4.894054258910621735e-01
4.911094800706977126e-01
4.940127040061125241e-01
4.971215074256346012e-01
4.988686632343285465e-01
4.991109501220301059e-01
4.980888647794926571e-01
4.965690597438903175e-01
4.954570887278728630e-01
4.948473962483582733e-01
4.939498520613936350e-01
4.921748396477534926e-01
4.898969182873581518e-01
4.881708366959139900e-01
4.874007668938322713e-01
4.870856481634660562e-01
4.884977833116158630e-01
4.920680516419381201e-01
4.952297903538966373e-01
4.965668564436117038e-01
4.978831774927154341e-01
4.999411441531338984e-01
5.008731346302950360e-01
5.009611695139305487e-01
5.021157727567157059e-01
5.040675488001066240e-01
5.056070520239391852e-01
5.061407668440019991e-01
5.062075532010996692e-01
5.066069083477431345e-01
5.073001744597801510e-01
5.077605746226634409e-01
5.079756597199768242e-01
5.082533888333692351e-01
5.088349117561156154e-01
5.099366322573977151e-01
5.108592960822291307e-01
5.112324619502691680e-01
5.120459175244994610e-01
5.137605243218994477e-01
5.154014765234660178e-01
5.158016918402589246e-01
5.145963688339796338e-01
5.125082832240052122e-01
5.106925982726510105e-01
5.102636806162218486e-01
5.114475497893765654e-01
5.122521865675447872e-01
5.108987011172338999e-01
5.088002935989484055e-01
5.074925830299525931e-01
5.061241958378203121e-01
5.038354756273588642e-01
5.005232162297137410e-01
4.962579876352651853e-01
4.917632435506455457e-01
4.882400592592283095e-01
4.861739796962510352e-01
4.849763953147974704e-01
4.841327642785241969e-01
4.842767564900726240e-01
4.855100558681506584e-01
4.867577219096200225e-01
4.873159509140112533e-01
4.875928610515756212e-01
4.872089167334108240e-01
4.859342796820703136e-01
4.846070360605840843e-01
4.830829643626819436e-01
4.810669740717934961e-01
4.794473868760296686e-01
4.789115357761404290e-01
4.781703067370532412e-01
4.766951755189480777e-01
4.767891664314142797e-01
4.784353613377588244e-01
4.790668044305266826e-01
4.785085883963198783e-01
4.779423363035786299e-01
4.777918958803041294e-01
4.780315723939013162e-01
4.788056074918451421e-01
4.801273556575303414e-01
4.814104778387321426e-01
4.817270982320118744e-01
4.811529850535555264e-01
4.804497471409343579e-01
4.801437298836770395e-01
4.807918819538605781e-01
4.819618717525840368e-01
4.822650313319994386e-01
4.817131837528018101e-01
4.812196912318426611e-01
4.813012553433262952e-01
4.821354004592143805e-01
4.835116019954735500e-01
4.850158731321712047e-01
4.855105779104617048e-01
4.835037880997928861e-01
4.807194330339610300e-01
4.798632488367661764e-01
4.797084170878608278e-01
4.788092953662985707e-01
4.781458026279488682e-01
4.785035617952286269e-01
4.797817439138647999e-01
4.811181485567609384e-01
4.811922873340903628e-01
4.802392058254273399e-01
4.795414737394396165e-01
4.802488046603359262e-01
4.817690326077702645e-01
4.814932957964806470e-01
4.793012532130572212e-01
4.779918376904032096e-01
4.786638279489123238e-01
4.792759773549313818e-01
4.786294891682933428e-01
4.775383265230815355e-01
4.761779184047970626e-01
4.741577043968930316e-01
4.716836906513517946e-01
4.693972849923817026e-01
4.671986454518738396e-01
4.647112665129636833e-01
4.616454666728784240e-01
4.572256923764647651e-01
4.525211515319808031e-01
4.502013929622988853e-01
4.510195429772132503e-01
4.532230350537810870e-01
4.555739004328918651e-01
4.576380752459174306e-01
4.583732407770793049e-01
4.575701229715716245e-01
4.568414581148150799e-01
4.578157516111464598e-01
4.598018408853462580e-01
4.611406916543394630e-01
4.614223581426990517e-01
4.611627861399956729e-01
4.605592833404946740e-01
4.598850648407942221e-01
4.597640646419680621e-01
4.607227530579888208e-01
4.626324442455863606e-01
4.636269701079040462e-01
4.616552413515982445e-01
4.584210976475112109e-01
4.569528702929310238e-01
4.580528121435963329e-01
4.599310215593575002e-01
4.608943897675218393e-01
4.620137661616222635e-01
4.641108785594217356e-01
4.652270384883373522e-01
4.646764744207634856e-01
4.641372626174773974e-01
4.643761160163984991e-01
4.656532287323964514e-01
4.666090904230933978e-01
4.658715743435419276e-01
4.635597584680939964e-01
4.605134312948441222e-01
4.581139550093971669e-01
4.567928023290895312e-01
4.554960463279285610e-01
4.535992913847129437e-01
4.519128124797849311e-01
4.517058332711899604e-01
4.538654470473116875e-01
4.586630541017304163e-01
4.650983520400033822e-01
4.709171583928775107e-01
4.750207917586927175e-01
4.789466742687762957e-01
4.846536560889318501e-01
4.914578808130942722e-01
4.980581855564221727e-01
5.043696875938813440e-01
5.097813980074838991e-01
5.134435864110730163e-01
5.156770641926194942e-01
5.171703109060608039e-01
5.185752185406531378e-01
5.206783806039747553e-01
5.231955795959115640e-01
5.246922955974751002e-01
5.243714984050579231e-01
5.228176167538211017e-01
5.216153102586011947e-01
5.219030131221713553e-01
5.234150362976514037e-01
5.254790239113966699e-01
5.272156745107585696e-01
5.278449266771817472e-01
5.276020983922345975e-01
5.270585279581977423e-01
5.272101794485269943e-01
5.292622673797149346e-01
5.315065057301318063e-01
5.324698764832709319e-01
5.333301692468045418e-01
5.345671602744721529e-01
5.354310018392185455e-01
5.350088224208483512e-01
5.338084499972394203e-01
5.339971228865946218e-01
5.353793463606347780e-01
5.361394670891576064e-01
5.362650284676717671e-01
5.362676771684543597e-01
5.367767311313418332e-01
5.377624279962169851e-01
5.391764948235006072e-01
5.410702751078779738e-01
5.428034869764951642e-01
5.439803735071268020e-01
5.452347513012718583e-01
5.475062773816977701e-01
5.502653916904539644e-01
5.519294820476234875e-01
5.514735980147309480e-01
5.502398940690628182e-01
5.499812028117835316e-01
5.499206723588566659e-01
5.495887032725090826e-01
5.492212826709396145e-01
5.482211158952767782e-01
5.470838579169897686e-01
5.458273709990751899e-01
5.436559697979600481e-01
5.414127860769488709e-01
5.399687607984644533e-01
5.393944002408876948e-01
5.391448498812686507e-01
5.378582687447128752e-01
5.350870913237878446e-01
5.321071686086095154e-01
5.303147712621398835e-01
5.301604936064446827e-01
5.314076408929583328e-01
5.328996741340406018e-01
5.333930003243330109e-01
5.330572740710211033e-01
5.326785187633660268e-01
5.321171022288917474e-01
5.307056043939485379e-01
5.286642747800409659e-01
5.268877976680843567e-01
5.259897573168909046e-01
5.252253225159695393e-01
5.232229783284650937e-01
5.197393394216640594e-01
5.155971899158038330e-01
5.118399212323904157e-01
5.090388270571937213e-01
5.066415858619800483e-01
5.038865383671917719e-01
5.010319764248626351e-01
4.984675103102852445e-01
4.961559220732468245e-01
4.948359605273911499e-01
4.949912014984603204e-01
4.952759610126685197e-01
4.954973777523704048e-01
4.961836457283764212e-01
4.963216007998927926e-01
4.964848881542020531e-01
4.973916399558003798e-01
4.981995270020097011e-01
4.983387308674274707e-01
4.976084635843738280e-01
4.966399629271364691e-01
4.966589574375743221e-01
4.966685401735776995e-01
4.948329506875817629e-01
4.931055660653945183e-01
4.926559588693903424e-01
4.912277539536761828e-01
4.881871658466479524e-01
4.849400941063694015e-01
4.830106132607162595e-01
4.822662938783547348e-01
4.809100825712031013e-01
4.780943168850233516e-01
4.743166682946047263e-01
4.707882473590067618e-01
4.688660405000388831e-01
4.685586492678949777e-01
4.691080851950372166e-01
4.699948243095043998e-01
4.703514210323315736e-01
4.695429091412500200e-01
4.676680016018158192e-01
4.652212330893176762e-01
4.626479134400661164e-01
4.604180640564683458e-01
4.596359486327026289e-01
4.607108567066412474e-01
4.617990955564232336e-01
4.612860671207926755e-01
4.593653556422695461e-01
4.572168086241698015e-01
4.563422803950228923e-01
4.568091939448002958e-01
4.579251220534233391e-01
4.600417777766113714e-01
4.628465648328634607e-01
4.657075108504912797e-01
4.677377375289872852e-01
4.688082903569085191e-01
4.702131811289458341e-01
4.719096189840423783e-01
4.725712739182015287e-01
4.720089360738499162e-01
4.724243978890542706e-01
4.737693126817817957e-01
4.741887365769493212e-01
4.741637851245407709e-01
4.742474259213222965e-01
4.745697872313416887e-01
4.743147536293519373e-01
4.722217062659462838e-01
4.700945374724396775e-01
4.695086328184275848e-01
4.684371260355559285e-01
4.661681598723166342e-01
4.652002984678181297e-01
4.659506531373576732e-01
4.658597344773613980e-01
4.643881097377046685e-01
4.628697907265739153e-01
4.615166310275146122e-01
4.598932397795693627e-01
4.579692009437849043e-01
4.568379094849598365e-01
4.574858174226502650e-01
4.588162050018711469e-01
4.590431071874613855e-01
4.579349267895329589e-01
4.569294453241723453e-01
4.566372641233764074e-01
4.560145711689529424e-01
4.545751210489407113e-01
4.533665931954850570e-01
4.535835412939664968e-01
4.551577290396551234e-01
4.571053007393977574e-01
4.591813793146429235e-01
4.611375998622648797e-01
4.619976732030847688e-01
4.614445046547849261e-01
4.605548338522384988e-01
4.615295391585768070e-01
4.645046050192733755e-01
4.674102884875598329e-01
4.686496594414814587e-01
4.681003804191239404e-01
4.661671128886236692e-01
4.632372291635211692e-01
4.603996186391688950e-01
4.595886262504424447e-01
4.608401222312049628e-01
4.625228593683506917e-01
4.639233094348449438e-01
4.644276563119175139e-01
4.641844921374940203e-01
4.633075006437217813e-01
4.627698615557279127e-01
4.636545366328596596e-01
4.656703183612622698e-01
4.671960318179024796e-01
4.663178880099623780e-01
4.640780615477612114e-01
4.634077923989337044e-01
4.644996143103770070e-01
4.657883157098843818e-01
4.672768874863399979e-01
4.687458929374271333e-01
4.682254261679427709e-01
4.648342278828148655e-01
4.619332524562606568e-01
4.628096469813623992e-01
4.669179157542331371e-01
4.718609588979650327e-01
4.751344463467382928e-01
4.767668518514232567e-01
4.773856393284672262e-01
4.767980693161635308e-01
4.767805153479614533e-01
4.787292633906480854e-01
4.817727608904008862e-01
4.838205474383917570e-01
4.838904393967566886e-01
4.831688710988805702e-01
4.832231189610243782e-01
4.839873463156342814e-01
4.846994715611763760e-01
4.851398202792427949e-01
4.850301557050009649e-01
4.837741600632527450e-01
4.818951667732473410e-01
4.812028006096530919e-01
4.825959182942988202e-01
4.854684415768724670e-01
4.875571398640924925e-01
4.880427338102139023e-01
4.887400311371718487e-01
4.913488539167322755e-01
4.953258019678493107e-01
4.987983631131956419e-01
5.009758623792200938e-01
5.019047387512661773e-01
5.017330455442186032e-01
4.997047722983159468e-01
4.955649251472669103e-01
4.915982393911212389e-01
4.906154078549641029e-01
4.920106740715598503e-01
4.930056574112525736e-01
4.919240118734846123e-01
4.891474753343622583e-01
4.862825832676628268e-01
4.852840640040395614e-01
4.867440181133437793e-01
4.892853339706887406e-01
4.917404091635220187e-01
4.936704714763638924e-01
4.940553715480986985e-01
4.927302714785770643e-01
4.906764413934888713e-01
4.897448940788665106e-01
4.913318052024081006e-01
4.936882477229848076e-01
4.948867437044900952e-01
4.950373622811973240e-01
4.948766431790991849e-01
4.954259476209547097e-01
4.964425967778507420e-01
4.970235501927956490e-01
4.972925014170973546e-01
4.967846224105800790e-01
4.955858386351337797e-01
4.943096742933807408e-01
4.935103703911141726e-01
4.933532584860995662e-01
4.934003451352322323e-01
4.934989343227659253e-01
4.939814196783256506e-01
4.948767220807367417e-01
4.951951899046058148e-01
4.947617870502534210e-01
4.948446502234047362e-01
4.954453731461793131e-01
4.951833236194180810e-01
4.945321585937044184e-01
4.943361907950429845e-01
4.949566470636334037e-01
4.964475274547113237e-01
4.971703868741960686e-01
4.964411170465736212e-01
4.954709162022020719e-01
4.949145088703238438e-01
4.951669679699451931e-01
4.965156951879330371e-01
4.973991215956399259e-01
4.979201430387186766e-01
4.993449168155123519e-01
5.002879002189846158e-01
4.996913404576766582e-01
4.985416200103639506e-01
4.976797127983320634e-01
4.968867237830008055e-01
4.958398503829696269e-01
4.942114311517734060e-01
4.920119559794867703e-01
4.892617977891488557e-01
4.863193975601105556e-01
4.839424207064404460e-01
4.817993419705178804e-01
4.799594418582943112e-01
4.784247885031321923e-01
4.768254191669274999e-01
4.751097493458260601e-01
4.738464747575351632e-01
4.733336546683549750e-01
4.720164711665360557e-01
4.679674905962638021e-01
4.621485359248542757e-01
4.573557880358847805e-01
4.549242038235890573e-01
4.539181091019546810e-01
4.527367769154047039e-01
4.519889786847676172e-01
4.520265166400612711e-01
4.522004807856492836e-01
4.521392400073060425e-01
4.518496095237903853e-01
4.519165755820487296e-01
4.523943453181440422e-01
4.528084131510514698e-01
4.526652799467852373e-01
4.522489262534080123e-01
4.525492081675537848e-01
4.537250438864200985e-01
4.552773812523592256e-01
4.570498526087631297e-01
4.581291775519387710e-01
4.577598753016621780e-01
4.562965175695165576e-01
4.548495471461827533e-01
4.555402394637328434e-01
4.580141409714145739e-01
4.596093339486326257e-01
4.596341035124125174e-01
4.594499645324666148e-01
4.599864208082046768e-01
4.616975727003886365e-01
4.642433616566607468e-01
4.664296977378583620e-01
4.684622370350524645e-01
4.701177426931617553e-01
4.706409431857849213e-01
4.706260801034261032e-01
4.704851330311798363e-01
4.706699941912705354e-01
4.722258249656826057e-01
4.742434990953458551e-01
4.759502695635175473e-01
4.775455203516480451e-01
4.778002701561944177e-01
4.770540944500861746e-01
4.771700836972960214e-01
4.787426613909362416e-01
4.811815263082581673e-01
4.834515349143193585e-01
4.849504454818455157e-01
4.860665780580913364e-01
4.875208348496321564e-01
4.898969663602344982e-01
4.925637050097182446e-01
4.943875907573075934e-01
4.952194524635221695e-01
4.962833736604123080e-01
4.993292131334369222e-01
5.033136625594928359e-01
5.062347432850914375e-01
5.080568765441226819e-01
5.098244703322764027e-01
5.121184239015834638e-01
5.141875429691112886e-01
5.153270098839388691e-01
5.156885870429372964e-01
5.160389075175360052e-01
5.170244072309033712e-01
5.176166770357154556e-01
5.167660972111400852e-01
5.150789569723828176e-01
5.137954867670245784e-01
5.139774906653340469e-01
5.158016518238077719e-01
5.180681628036779562e-01
5.191621099472910617e-01
5.182815699813742016e-01
5.161688294497503993e-01
5.145850849928010895e-01
5.145375568320167403e-01
5.148262493696660336e-01
5.139013908041522027e-01
5.125490922598661125e-01
5.123864983828450015e-01
5.138925719863148833e-01
5.152233672602621883e-01
5.149996534619606381e-01
5.143871661212301438e-01
5.144046493958047694e-01
5.157416580499836201e-01
5.174919288076954560e-01
5.176201741050207028e-01
5.166931986118786790e-01
5.160346964632793743e-01
5.162944586871004438e-01
5.174732667249725138e-01
5.185673748053704069e-01
5.195634877346927416e-01
5.208164168357892754e-01
5.214315914460960766e-01
5.213505749192115513e-01
5.207972490651635589e-01
5.193692689843317778e-01
5.175281597240178888e-01
5.160671695393957981e-01
5.162485890187156201e-01
5.175029670937669746e-01
5.174671943808420993e-01
5.156704588716628512e-01
5.125955170680066564e-01
5.093553719143041336e-01
5.072354994086039071e-01
5.059518278985942752e-01
5.046034978643016977e-01
5.031238745595211226e-01
5.020686390908757346e-01
5.013963306999555947e-01
5.006692051968861801e-01
4.995722029219943350e-01
4.982433871686523519e-01
4.975191798203698612e-01
4.973065142179446951e-01
4.971001468766353959e-01
4.971213872813888823e-01
4.970088015941392934e-01
4.960634977577531024e-01
4.947605395157120278e-01
4.943331070004671757e-01
4.951567142039570713e-01
4.963787501306164973e-01
4.969675683830847568e-01
4.972134614874467728e-01
4.982014086137906417e-01
4.990142639417558534e-01
4.979882057090242453e-01
4.951944778258214330e-01
4.919819111337478956e-01
4.907694237557591599e-01
4.915977319455007710e-01
4.921318842999319876e-01
4.924508567773530077e-01
4.933842041411800050e-01
4.945112142266299693e-01
4.953633155683933031e-01
4.955230538474613700e-01
4.951484849232979379e-01
4.943879350044368404e-01
4.937421329237720591e-01
4.933692961358958073e-01
4.920114756965450753e-01
4.898482239557838125e-01
4.888877448654960767e-01
4.886309223948023805e-01
4.873121478640046744e-01
4.860958364250355102e-01
4.860472628813203855e-01
4.861201984167601853e-01
4.850246464530849066e-01
4.833766852028354433e-01
4.824613525909531297e-01
4.819644470824323013e-01
4.823067025998351021e-01
4.835421054122389650e-01
4.843098397398982180e-01
4.841853059788708280e-01
4.838289428969734240e-01
4.838629891081950851e-01
4.839284426500416458e-01
4.835965462276657356e-01
4.832124175694519352e-01
4.833639051983364965e-01
4.842489691265663421e-01
4.855008956666102549e-01
4.864031760961688988e-01
4.863229096679446695e-01
4.851920118264464454e-01
4.839334173243432513e-01
4.832177918765113711e-01
4.826791154378637372e-01
4.818924486351425229e-01
4.809160285212882302e-01
4.793083868825643856e-01
4.762471273335362465e-01
4.718761934846843475e-01
4.670770768492491509e-01
4.634520656625851776e-01
4.615130718481053607e-01
4.606643562722378960e-01
4.609048329022779056e-01
4.617893737445537550e-01
4.634994881575615344e-01
4.656866664136965484e-01
4.665975403788530373e-01
4.658568097869483227e-01
4.650034761776443704e-01
4.652954994682222400e-01
4.660935344326389007e-01
4.664258673929097543e-01
4.669168989375256928e-01
4.677451825463032065e-01
4.681329054026158731e-01
4.681481431724887621e-01
4.680111877300790479e-01
4.673249262990716302e-01
4.672050661260228055e-01
4.695102072942229365e-01
4.718081954946296008e-01
4.719475388600817833e-01
4.711787752070338842e-01
4.711423935868497281e-01
4.727371811451684946e-01
4.748528638009533731e-01
4.767031932554956497e-01
4.779205232387393476e-01
4.781888207018535897e-01
4.779467087299452133e-01
4.774614043982907674e-01
4.766733358042868907e-01
4.754739652080540169e-01
4.746268007964502544e-01
4.748280136324647405e-01
4.753527141916392140e-01
4.751519737141778332e-01
4.740902343360927640e-01
4.730706710276705862e-01
4.730106767346458629e-01
4.739222332826843465e-01
4.751698632295391356e-01
4.758948760273737366e-01
4.760066747990278624e-01
4.756952031976099393e-01
4.751771205721082025e-01
4.744781480919864070e-01
4.738562815540183770e-01
4.743455856638639223e-01
4.760530300821274596e-01
4.786619915418932059e-01
4.813071310802167768e-01
4.834079142172577059e-01
4.852234441600001835e-01
4.861530148645545890e-01
4.858809837279347565e-01
4.847072960238244521e-01
4.836688299011556724e-01
4.839380928361284306e-01
4.849967772441206582e-01
4.853389475612994719e-01
4.849837544402044176e-01
4.844918756454870690e-01
4.839254254998415772e-01
4.834529292933048006e-01
4.825629848341961292e-01
4.815990336653656056e-01
4.820365447730485808e-01
4.832091103119478537e-01
4.839105308269269767e-01
4.841743680092470137e-01
4.840221074566867232e-01
4.850139229818942188e-01
4.868500147511373166e-01
4.886993101883542745e-01
4.913006320587365860e-01
4.935831875977815253e-01
4.945106941504001652e-01
4.944808462702761087e-01
4.941101145243552151e-01
4.943384433764053676e-01
4.960485734868229080e-01
4.985405140975109894e-01
5.009778200773503665e-01
5.032219568260573039e-01
5.048638126267663839e-01
5.058084020822875004e-01
5.065714731651872471e-01
5.077857152183330447e-01
5.097946163686938315e-01
5.119062174172824831e-01
5.130468496071279860e-01
5.131033166225881237e-01
5.127679779277245498e-01
5.126343117397400562e-01
5.130350424180094571e-01
5.147821107996852774e-01
5.181681920190616131e-01
5.218381290801449301e-01
5.245663141508176697e-01
5.269987633387845927e-01
5.298014177365572008e-01
5.310901590354336621e-01
5.309211922224006397e-01
5.313812036930436467e-01
5.325784507872716178e-01
5.344853832382530090e-01
5.365608777053789691e-01
5.370805675612181362e-01
5.358869716265217686e-01
5.337899769893735824e-01
5.309842863711082828e-01
5.285131292674508652e-01
5.261676835254134321e-01
5.236658152880663275e-01
5.220567782210593366e-01
5.199694396920290229e-01
5.169772945346863269e-01
5.147780845456261245e-01
5.135809108147262325e-01
5.132274066414151958e-01
5.136232857760356652e-01
5.141695940537232001e-01
5.144188011840471475e-01
5.133507300350673708e-01
5.110753130283564039e-01
5.091246999194012357e-01
5.077466676191606521e-01
5.070262567958159217e-01
5.079150911525706080e-01
5.105073749638555647e-01
5.138318352889961194e-01
5.165810650001226856e-01
5.177787049101556516e-01
5.184036259866580121e-01
5.197158671278171438e-01
5.210875594949078149e-01
5.216448517698525356e-01
5.215052938464646015e-01
5.211931673527632203e-01
5.211227524716843806e-01
5.210830983538333738e-01
5.204792692302219193e-01
5.196519264258474546e-01
5.196200518911077149e-01
5.204126735391739755e-01
5.215236243718615050e-01
5.226542112411939334e-01
5.229539325872744060e-01
5.208390833114632246e-01
5.169007426665760407e-01
5.138781107461416475e-01
5.128934623875602838e-01
5.126511856082694996e-01
5.120236808315551391e-01
5.118703210487688393e-01
5.131384128596949701e-01
5.147215198636742040e-01
5.134072497726325235e-01
5.084849354689999767e-01
5.044975911869072904e-01
5.037924906089440436e-01
5.046096496679415289e-01
5.058926052037976406e-01
5.066574140485313738e-01
5.071204538829400255e-01
5.087494551500584272e-01
5.111533626775158767e-01
5.134713850893071196e-01
5.160366310796234979e-01
5.193404611471136301e-01
5.222097176484600256e-01
5.229971122885179735e-01
5.222222141420669317e-01
5.215559827380469304e-01
5.213846088332831918e-01
5.223951020309730575e-01
5.255629903153233862e-01
5.295308804510059364e-01
5.315010187954016807e-01
5.306597120153334624e-01
5.298067310304290789e-01
5.309913957622789393e-01
5.327520614102290164e-01
5.328902546686856700e-01
5.323858812112869376e-01
5.330259611953297449e-01
5.334167953980712973e-01
5.324021920531800678e-01
5.311582392222536919e-01
5.306383637151789179e-01
5.305980214417546081e-01
5.300930804119532436e-01
5.287535628207089555e-01
5.277675075181879061e-01
5.284042698253815784e-01
5.298638899633910659e-01
5.297836952739255478e-01
5.275298064784603724e-01
5.252545965356235635e-01
5.247659477441687370e-01
5.257442960987180891e-01
5.269341189380142287e-01
5.278465341884356343e-01
5.277459044323715709e-01
5.265133654619486014e-01
5.267006277551885551e-01
5.284699731554830526e-01
5.294889628658937530e-01
5.288626824646142088e-01
5.292424071490047233e-01
5.329321672766402784e-01
5.369739890229952017e-01
5.391561133955380392e-01
5.400482175448905187e-01
5.407525898205782777e-01
5.426261612801956957e-01
5.452796851957334434e-01
5.462621003918629592e-01
5.443099862284587198e-01
5.416136550755873413e-01
5.404127551970351329e-01
5.396984255423485921e-01
5.384302001539693627e-01
5.376464401669142079e-01
5.379500121377490673e-01
5.378255346530794734e-01
5.360885878502205104e-01
5.329947637485723533e-01
5.293165492625733215e-01
5.253280675844249625e-01
5.224780413901108922e-01
5.221230563582601736e-01
5.216958896905454779e-01
5.186002184693506711e-01
5.143408881792459475e-01
5.120643812457842392e-01
5.117920054358487958e-01
5.108151551455500927e-01
5.086941639419219063e-01
5.069960616237437767e-01
5.060544092241561209e-01
5.056163635787557231e-01
5.055025793189186212e-01
5.056083376565372323e-01
5.056212308968386360e-01
5.050995718263132650e-01
5.037327150981719681e-01
5.021328638399792377e-01
5.022546184232722366e-01
5.045961100001130628e-01
5.064694916992429352e-01
5.061672272141422013e-01
5.054014798277146614e-01
5.058180099489940629e-01
5.072638216553263524e-01
5.098841606836954643e-01
5.136896923384896008e-01
5.166437086901783937e-01
5.177053176471700935e-01
5.174343428373897602e-01
5.172916474594871916e-01
5.175370182897740534e-01
5.174424964605672805e-01
5.183624354640202769e-01
5.203595806319157857e-01
5.221999150510960863e-01
5.231981880942691010e-01
5.229908528203223161e-01
5.213418098490539832e-01
5.200491171422118031e-01
5.218320437923540389e-01
5.254585158615733276e-01
5.272432260194713782e-01
5.266439535636441294e-01
5.252061502607652255e-01
5.237426414928171292e-01
5.219799737662976780e-01
5.204328116259139270e-01
5.208129441019534456e-01
5.228084717716927621e-01
5.254347762980760006e-01
5.287743305551035888e-01
5.312411062017117214e-01
5.315053515355117053e-01
5.311847426770974767e-01
5.317499333767049530e-01
5.323103215182177772e-01
5.320887177726539852e-01
5.312836228667178196e-01
5.305519109980471049e-01
5.306129664727853301e-01
5.315675521706315632e-01
5.330138814556644178e-01
5.336267376672884089e-01
5.332000422893952152e-01
5.330922751822464445e-01
5.341860769813003840e-01
5.356041575523891041e-01
5.363906833927306606e-01
5.365006823874474140e-01
5.358410252137425500e-01
5.344495631211829689e-01
5.336173112086676218e-01
5.344230933997543564e-01
5.362375281230122859e-01
5.381929931582668525e-01
5.399453552042109417e-01
5.404260643486757942e-01
5.393456214053666820e-01
5.386005469447394667e-01
5.387820447310026628e-01
5.393485584060120352e-01
5.399032354161517056e-01
5.405110724349415641e-01
5.415548837926015269e-01
5.416569044578660730e-01
5.400737499909721295e-01
5.379894318873446046e-01
5.361937581323790170e-01
5.342156369856708720e-01
5.324081568282278409e-01
5.314730439912793702e-01
5.306665172694775556e-01
5.297631691664486109e-01
5.300042760754430926e-01
5.315540623166976619e-01
5.337398009310408975e-01
5.358828585489311402e-01
5.385400299462776985e-01
5.422520033846298659e-01
5.451625178352667023e-01
5.465523271344345790e-01
5.466247571752266277e-01
5.451433514609151931e-01
5.434329796194100615e-01
5.424994319156617451e-01
5.417391552357478934e-01
5.406038724277315577e-01
5.394042251043605907e-01
5.379027893116730130e-01
5.359723640060046757e-01
5.347330567523335132e-01
5.344030499969344428e-01
5.340131892905820576e-01
5.330072244206865983e-01
5.323067292473313561e-01
5.325076467084869369e-01
5.327862737141028093e-01
5.324014312222090650e-01
5.318142886116872248e-01
5.316942625115295140e-01
5.321232370480228901e-01
5.328756677028838595e-01
5.335713358225369074e-01
5.339228733032010954e-01
5.340178181722159412e-01
5.341742798720348073e-01
5.341606909554970084e-01
5.329381708126360584e-01
5.310736637442202701e-01
5.296109314170983629e-01
5.281111261919595457e-01
5.272683561529801777e-01
5.276402134757320894e-01
5.283208155589913524e-01
5.283401175060881139e-01
5.270784125002065945e-01
5.255974528057383299e-01
5.250995934043061197e-01
5.254138279334231720e-01
5.258884185909810105e-01
5.268110051981008679e-01
5.291310725944216031e-01
5.314933038223513817e-01
5.316658759622338026e-01
5.296578324143826899e-01
5.271477747640195277e-01
5.257916912187670100e-01
5.254949683250167425e-01
5.247248257551710982e-01
5.221563128093560380e-01
5.182998537848337861e-01
5.147334438224385744e-01
5.119068782820962449e-01
5.096865760574830206e-01
5.086719069633773849e-01
5.086439505272158934e-01
5.085198339753058683e-01
5.084413195558076248e-01
5.086702481349021365e-01
5.084587220428207210e-01
5.075041599024815442e-01
5.068697858620272445e-01
5.071389904965382112e-01
5.076398195417138881e-01
5.075857829105536734e-01
5.068836735982202857e-01
5.063043751435560846e-01
5.065853653675623791e-01
5.075468664690145904e-01
5.081577019717873345e-01
5.080285057257578618e-01
5.081508040035200846e-01
5.091937107480770663e-01
5.103935250134348234e-01
5.112161653499458502e-01
5.119523932868396132e-01
5.125127842634729092e-01
5.120269941816821824e-01
5.108042842977996711e-01
5.108816574441807923e-01
5.123516810641786101e-01
5.144657063452005019e-01
5.172631466720531979e-01
5.199787227914075549e-01
5.219819289796999717e-01
5.235492434479244173e-01
5.251578905593050628e-01
5.268162057533266607e-01
5.283503143086639708e-01
5.301011734109698503e-01
5.322591481516165679e-01
5.343577361241217405e-01
5.349581425509797317e-01
5.331157866074802687e-01
5.303983674925072389e-01
5.291359806009051647e-01
5.290806801119189995e-01
5.285351367270100242e-01
5.269981886897953105e-01
5.246772730663195050e-01
5.223332605291358677e-01
5.210288261074683680e-01
5.202644586170763752e-01
5.199412846072195560e-01
5.211852522944651067e-01
5.241583648098356862e-01
5.269149336486809165e-01
5.274687831352210532e-01
5.274881625991282297e-01
5.285027848062280320e-01
5.299060774749383418e-01
5.320832313604946240e-01
5.354358030434127613e-01
5.379160067801269651e-01
5.380540166482289388e-01
5.372733208284935502e-01
5.373930997477068816e-01
5.388345527822399061e-01
5.403852746676420793e-01
5.408738302825946143e-01
5.404134096186999914e-01
5.398276309686325103e-01
5.397277642525468710e-01
5.399229446642832553e-01
5.397940277616944948e-01
5.397396652505939141e-01
5.401807265986415807e-01
5.404613213207486444e-01
5.401485710768051396e-01
5.401590104371234435e-01
5.412801925585418727e-01
5.422823592519442348e-01
5.426778422392509738e-01
5.424839543926539553e-01
5.411435309105308011e-01
5.387263435524665134e-01
5.354781800080302689e-01
5.320189490920932407e-01
5.294273386616195065e-01
5.284614029324399276e-01
5.281633183682922228e-01
5.273380131740323939e-01
5.261664541037469611e-01
5.254274269962081467e-01
5.258307969043047869e-01
5.272935181362899959e-01
5.292774680943023169e-01
5.307081005005913621e-01
5.320250268550730244e-01
5.339383734008275040e-01
5.349146680682077548e-01
5.354359841134975762e-01
5.374890037660812192e-01
5.397540026323666140e-01
5.405862779114442018e-01
5.402849361052411981e-01
5.392587031177481505e-01
5.373329055784491493e-01
5.343560743984516748e-01
5.323835800699779908e-01
5.322119860172874750e-01
5.321181875962633923e-01
5.319933362306612512e-01
5.324798069302629777e-01
5.333241385757739872e-01
5.351565926301961040e-01
5.383354114209094599e-01
5.418302352813885170e-01
5.446037315117627786e-01
5.459714761729476118e-01
5.461873888854924530e-01
5.459564606753538607e-01
5.452970734769176930e-01
5.446351705513373664e-01
5.446239246888507912e-01
5.446800684285034722e-01
5.445893917916131421e-01
5.444587465820407424e-01
5.437585920057806943e-01
5.419679457091893804e-01
5.401119451557685469e-01
5.397791807149144860e-01
5.402358209820082857e-01
5.401760946286782161e-01
5.392809386748732559e-01
5.382648312503982568e-01
5.384319124736164364e-01
5.396922350515980238e-01
5.412908042749053905e-01
5.428842706734405832e-01
5.433891992915678149e-01
5.422252025230739347e-01
5.400021550133216053e-01
5.377348164312903966e-01
5.360846710203466259e-01
5.348735493784243511e-01
5.343373252945980978e-01
5.335895723484160857e-01
5.315870947657642676e-01
5.289829556132151778e-01
5.266014024678643546e-01
5.247852077045166430e-01
5.243704851115180698e-01
5.252251452961684830e-01
5.259267932784580379e-01
5.270064508013625471e-01
5.293825597306408559e-01
5.322554919214922409e-01
5.340631805611399940e-01
5.343153374111274667e-01
5.349980796088590340e-01
5.365302844552327644e-01
5.364631661506342741e-01
5.345411848219158157e-01
5.327686929381528769e-01
5.319584181761265462e-01
5.322490587892806380e-01
5.330149534306620751e-01
5.326957640131193550e-01
5.308720848642225487e-01
5.285928635327049596e-01
5.271803570798462291e-01
5.263970247118600065e-01
5.255446295445111993e-01
5.257447213523791518e-01
5.272350016080044055e-01
5.280398424952716940e-01
5.273612664948562623e-01
5.258789374992561827e-01
5.244567086454169358e-01
5.240982301160764800e-01
5.254310219612058352e-01
5.268785973304808135e-01
5.265239769744166631e-01
5.249843384146740677e-01
5.241159861407012066e-01
5.250586451252312603e-01
5.271866056499260322e-01
5.286535199305849586e-01
5.287597485099192474e-01
5.280779393666589216e-01
5.272585185056838375e-01
5.276277939833834418e-01
5.294370763470537256e-01
5.320043413716312175e-01
5.340259847029662499e-01
5.344493170494697409e-01
5.342605759601556370e-01
5.339904341703251012e-01
5.341686085256563965e-01
5.352744669529708732e-01
5.373683886722750991e-01
5.400667939038944487e-01
5.424575452570064016e-01
5.441035912185527845e-01
5.448304437387722077e-01
5.455486405253742177e-01
5.473896264465238914e-01
5.493582995338527342e-01
5.495930987608895757e-01
5.484667929358811866e-01
5.475015200126399639e-01
5.471489634180101147e-01
5.474796460541727638e-01
5.491998379181871615e-01
5.526130611308374130e-01
5.559251502950307566e-01
5.575177299479824322e-01
5.577462630652081366e-01
5.571225287393466452e-01
5.564206671318688846e-01
5.570518135722614117e-01
5.590019647617222587e-01
5.606386937447775942e-01
5.616325886083470831e-01
5.623721038067925893e-01
5.619101719291605956e-01
5.602607974738391672e-01
5.593500146851106969e-01
5.601492455237367940e-01
5.614555252013763154e-01
5.621916363808190376e-01
5.626154618374333838e-01
5.630283796169516242e-01
5.635787818006761096e-01
5.643949725746465473e-01
5.656062278466410520e-01
5.668240009906448940e-01
5.672735568104224635e-01
5.670764859690977655e-01
5.672263433380146935e-01
5.682618712015725659e-01
5.701136930046304396e-01
5.725852041995853625e-01
5.750274147741424313e-01
5.769011315642728066e-01
5.782205243840266018e-01
5.794941959330224268e-01
5.809024596579864808e-01
5.822142185026818462e-01
5.833710575149667621e-01
5.846522763379143894e-01
5.856173245035944941e-01
5.856786658385798594e-01
5.854056635541919906e-01
5.856083721781828455e-01
5.861138727506991497e-01
5.863511535896599458e-01
5.862146599628351717e-01
5.852258777645341636e-01
5.841074120287087501e-01
5.846238738899183218e-01
5.867586958472812420e-01
5.897820461223817201e-01
5.937116612568241747e-01
5.978285402058605147e-01
6.003273809086417945e-01
6.000271595685194859e-01
5.978234505041464253e-01
5.960774814208580352e-01
5.954444541571648486e-01
5.950506293819696202e-01
5.952047630325043581e-01
5.955992115148155408e-01
5.954893718719991291e-01
5.957274574610963436e-01
5.967317192687153771e-01
5.982439747006762509e-01
6.006089114275984242e-01
6.035243690728737675e-01
6.056377522323637130e-01
6.061172976133913926e-01
6.057414862192090910e-01
6.056354271111322740e-01
6.060392250013046933e-01
6.067036717230085419e-01
6.074709021603291736e-01
6.078316326192695351e-01
6.071886933959890209e-01
6.110141287281831701e-01
6.118161556396313205e-01
6.126181825510796930e-01
6.134202094625280655e-01
6.142222363739764379e-01
6.150242632854245883e-01
6.158262901968729608e-01
6.166283171083213333e-01
6.174303440197694837e-01
6.182323709312178561e-01
6.190343978426662286e-01
6.198364247541143790e-01
6.206384516655627515e-01
6.214404785770111239e-01
6.222425054884592743e-01
6.230445323999076468e-01
6.238465593113560193e-01
6.246485862228043917e-01
6.254506131342525421e-01
6.262526400457009146e-01
6.270546669571492870e-01
6.278566938685974375e-01
6.286587207800458099e-01
6.294607476914941824e-01
6.302627746029423328e-01
6.310648015143907053e-01
